# Matter power spectrum P(k) at redshift z=1
# for k=1.04272e-05 to 5.29922 h/Mpc,
# number of wavenumbers equal to 556
#    1:k (h/Mpc)              2:P (Mpc/h)^3        
       1.042721222072e-05       1.831102248162e+01 
       2.326940071722e-05       3.965401873775e+01 
       3.615650358602e-05       6.060696637344e+01 
       4.912298588895e-05       8.140146200841e+01 
       6.220387954818e-05       1.021682566082e+02 
       7.543509384604e-05       1.230047024827e+02 
       8.885373579883e-05       1.439936246457e+02 
       1.024984446421e-04       1.652110427714e+02 
       1.164097446970e-04       1.867301055198e+02 
       1.306304209218e-04       2.086234644190e+02 
       1.452059214576e-04       2.309649100789e+02 
       1.601847914240e-04       2.538306370733e+02 
       1.756191420481e-04       2.773003169515e+02 
       1.915651588556e-04       3.014580713121e+02 
       2.080836520204e-04       3.263934016556e+02 
       2.252406509312e-04       3.522021043524e+02 
       2.431080434315e-04       3.789871870202e+02 
       2.617642578047e-04       4.068597902562e+02 
       2.812949821548e-04       4.359401104989e+02 
       3.017939110511e-04       4.663583089160e+02 
       3.233635027954e-04       4.982553763260e+02 
       3.461157220481e-04       5.317839167477e+02 
       3.701727314300e-04       5.671087862179e+02 
       3.956674818632e-04       6.044075125482e+02 
       4.227441348055e-04       6.438703858839e+02 
       4.515582306692e-04       6.857001036178e+02 
       4.822764978386e-04       7.301108006419e+02 
       5.150761782152e-04       7.773263194535e+02 
       5.501437320088e-04       8.275775022815e+02 
       5.876727821383e-04       8.810983685164e+02 
       6.278611742111e-04       9.381210316076e+02 
       6.709070693508e-04       9.988692994949e+02 
       7.170040606051e-04       1.063551041287e+03 
       7.663354115254e-04       1.132349557376e+03 
       8.190676520760e-04       1.205414389460e+03 
       8.753439156747e-04       1.282852223694e+03 
       9.352775337530e-04       1.364718663225e+03 
       9.989464852370e-04       1.451011747480e+03 
       1.066389294278e-03       1.541667981314e+03 
       1.137602861595e-03       1.636561465253e+03 
       1.212542509737e-03       1.735506342278e+03 
       1.291124255813e-03       1.838262418725e+03 
       1.373229052481e-03       1.944538369302e+03 
       1.458708517675e-03       2.054006578051e+03 
       1.547391547860e-03       2.166328904931e+03 
       1.639091192574e-03       2.281144112690e+03 
       1.733611244858e-03       2.398087430605e+03 
       1.830752139510e-03       2.516799402399e+03 
       1.930315910054e-03       2.636933189373e+03 
       2.032110103673e-03       2.758159886969e+03 
       2.135950671017e-03       2.880171943721e+03 
       2.241663927392e-03       3.002685528914e+03 
       2.349087725404e-03       3.125441096791e+03 
       2.458071993982e-03       3.248203494553e+03 
       2.568478793794e-03       3.370761163118e+03 
       2.680182022510e-03       3.492925093691e+03 
       2.793066881599e-03       3.614527493673e+03 
       2.907029193666e-03       3.735419847675e+03 
       3.021974638312e-03       3.855471791860e+03 
       3.137817956453e-03       3.974568702835e+03 
       3.254482158223e-03       4.092610897675e+03 
       3.371897758070e-03       4.209511254051e+03 
       3.490002051858e-03       4.325194591252e+03 
       3.608738444355e-03       4.439595665319e+03 
       3.728055830933e-03       4.552659422737e+03 
       3.847908034132e-03       4.664337755758e+03 
       3.968253293661e-03       4.774591310171e+03 
       4.089053807114e-03       4.883385926345e+03 
       4.210275317943e-03       4.990694656749e+03 
       4.331886746844e-03       5.096493871394e+03 
       4.453859862672e-03       5.200767016298e+03 
       4.576168989034e-03       5.303498860706e+03 
       4.698790742927e-03       5.404678769902e+03 
       4.821703802024e-03       5.504300324933e+03 
       4.944888697485e-03       5.602357648911e+03 
       5.068327629473e-03       5.698849944574e+03 
       5.192004302815e-03       5.793775211915e+03 
       5.315903780521e-03       5.887135783542e+03 
       5.440012353135e-03       5.978935473767e+03 
       5.564317422097e-03       6.069177216191e+03 
       5.688807395528e-03       6.157870797276e+03 
       5.813471595002e-03       6.245020011364e+03 
       5.938300172079e-03       6.330635545139e+03 
       6.063284033468e-03       6.414717778529e+03 
       6.188414773868e-03       6.497337925406e+03 
       6.313684615622e-03       6.578592196511e+03 
       6.439086354422e-03       6.658139686706e+03 
       6.564613310402e-03       6.736206760500e+03 
       6.690259284037e-03       6.812808263010e+03 
       6.816018516314e-03       6.887961478647e+03 
       6.941885652727e-03       6.961672487435e+03 
       7.067855710688e-03       7.033948676376e+03 
       7.193924049989e-03       7.104804226564e+03 
       7.320086346001e-03       7.174250938290e+03 
       7.446338565337e-03       7.242308231690e+03 
       7.572676943701e-03       7.308987443312e+03 
       7.699097965737e-03       7.374312996690e+03 
       7.825598346650e-03       7.438279179700e+03 
       7.952175015441e-03       7.500893812800e+03 
       8.078825099585e-03       7.562187235747e+03 
       8.205545911030e-03       7.622175255455e+03 
       8.332334933367e-03       7.680865785984e+03 
       8.459189810085e-03       7.738276451481e+03 
       8.586108333796e-03       7.794420026762e+03 
       8.713088436332e-03       7.849311134087e+03 
       8.840128179660e-03       7.902958362745e+03 
       8.967225747515e-03       7.955380731340e+03 
       9.094379437699e-03       8.006584252011e+03 
       9.221587654991e-03       8.056589715631e+03 
       9.348848904599e-03       8.105405768697e+03 
       9.476161786128e-03       8.153047452325e+03 
       9.603524988001e-03       8.199513807913e+03 
       9.730937282305e-03       8.244859025012e+03 
       9.858397520027e-03       8.289055569866e+03 
       9.985904626638e-03       8.332133949826e+03 
       1.011345759801e-02       8.374089561196e+03 
       1.024105549664e-02       8.414954150497e+03 
       1.036869744811e-02       8.454738450142e+03 
       1.049638263787e-02       8.493439394671e+03 
       1.062411030818e-02       8.531091609950e+03 
       1.075187975533e-02       8.567682687335e+03 
       1.087969032701e-02       8.603244575067e+03 
       1.100754141991e-02       8.637780632680e+03 
       1.113543247746e-02       8.671307407291e+03 
       1.126336298773e-02       8.703832878751e+03 
       1.139133248147e-02       8.735364501811e+03 
       1.151934053033e-02       8.765916896420e+03 
       1.164738674517e-02       8.795504074749e+03 
       1.177547077447e-02       8.824139224534e+03 
       1.190359230287e-02       8.851828607287e+03 
       1.203175104985e-02       8.878583950263e+03 
       1.215994676843e-02       8.904415239573e+03 
       1.228817924404e-02       8.929338623193e+03 
       1.241644829337e-02       8.953362009750e+03 
       1.254475376341e-02       8.976512342913e+03 
       1.267309553050e-02       8.998746380359e+03 
       1.280147349943e-02       9.020138569714e+03 
       1.292988760268e-02       9.040660832094e+03 
       1.305833779961e-02       9.060348479805e+03 
       1.318682407584e-02       9.079188126018e+03 
       1.331534644255e-02       9.097200493040e+03 
       1.344390493594e-02       9.114402880826e+03 
       1.357249961664e-02       9.130791695682e+03 
       1.370113056926e-02       9.146384034751e+03 
       1.382979790191e-02       9.161198540178e+03 
       1.395850174579e-02       9.175219182461e+03 
       1.408724225482e-02       9.188484619951e+03 
       1.421601960529e-02       9.200980521386e+03 
       1.434483399555e-02       9.212731864658e+03 
       1.447368564577e-02       9.223743950923e+03 
       1.460257479766e-02       9.234025836331e+03 
       1.473150171425e-02       9.243588094855e+03 
       1.486046667976e-02       9.252427005104e+03 
       1.498946999939e-02       9.260566487065e+03 
       1.511851199921e-02       9.268022481538e+03 
       1.524759302605e-02       9.274788415742e+03 
       1.537671344742e-02       9.280876638374e+03 
       1.550587365145e-02       9.286264221863e+03 
       1.563507404687e-02       9.291057491209e+03 
       1.576431506296e-02       9.295172121975e+03 
       1.589359714960e-02       9.298647451118e+03 
       1.602292077726e-02       9.301478704831e+03 
       1.615228643707e-02       9.303689926440e+03 
       1.628169464087e-02       9.305296083288e+03 
       1.641114592134e-02       9.306279388239e+03 
       1.654064083202e-02       9.306667938099e+03 
       1.667017994753e-02       9.306469523362e+03 
       1.679976386365e-02       9.305689332601e+03 
       1.692939319749e-02       9.304331386793e+03 
       1.705906858766e-02       9.302410416935e+03 
       1.718879069449e-02       9.299925130891e+03 
       1.731856020023e-02       9.296882592986e+03 
       1.744837780925e-02       9.293307878747e+03 
       1.757824424830e-02       9.289197346684e+03 
       1.770816026681e-02       9.284546152325e+03 
       1.783812663709e-02       9.279389273930e+03 
       1.796814415469e-02       9.273719554693e+03 
       1.809821363867e-02       9.267533456815e+03 
       1.822833593196e-02       9.260857615816e+03 
       1.835851190168e-02       9.253671509690e+03 
       1.848874243949e-02       9.246046455776e+03 
       1.861902846201e-02       9.237896712515e+03 
       1.874937091116e-02       9.229295217250e+03 
       1.887977075462e-02       9.220266088372e+03 
       1.901022898623e-02       9.210764726276e+03 
       1.914074662644e-02       9.200806231487e+03 
       1.927132472278e-02       9.190106767325e+03 
       1.940196435033e-02       9.179596599550e+03 
       1.953266661225e-02       9.168044383820e+03 
       1.966343264025e-02       9.156683665692e+03 
       1.979426359518e-02       9.144548569168e+03 
       1.992516066755e-02       9.132079485946e+03 
       2.005612507811e-02       9.119187061459e+03 
       2.018715807846e-02       9.105899173883e+03 
       2.031826095166e-02       9.092284335515e+03 
       2.044943501287e-02       9.078236921137e+03 
       2.058068161000e-02       9.063834413279e+03 
       2.071200212439e-02       9.049013614312e+03 
       2.084339797153e-02       9.033888616810e+03 
       2.097487060177e-02       9.018435320222e+03 
       2.110642150107e-02       9.002605465690e+03 
       2.123805219176e-02       8.986384182694e+03 
       2.136976423339e-02       8.969875573562e+03 
       2.150155922348e-02       8.953035682875e+03 
       2.163343879841e-02       8.935880962337e+03 
       2.176540463431e-02       8.918412386809e+03 
       2.189745844791e-02       8.900604319073e+03 
       2.202960199754e-02       8.882545142128e+03 
       2.216183708401e-02       8.864199714407e+03 
       2.229416555169e-02       8.845455689067e+03 
       2.242658928947e-02       8.826494798492e+03 
       2.255911023181e-02       8.807237099142e+03 
       2.269173035987e-02       8.787720765394e+03 
       2.282445170260e-02       8.767942665400e+03 
       2.295727633791e-02       8.747906235736e+03 
       2.309020639385e-02       8.727612235333e+03 
       2.322324404983e-02       8.707064026177e+03 
       2.335639153793e-02       8.686243370409e+03 
       2.348965114416e-02       8.665109786683e+03 
       2.362302520984e-02       8.643820480009e+03 
       2.375651613298e-02       8.622358958936e+03 
       2.389012636972e-02       8.600574595328e+03 
       2.402385843581e-02       8.578589151844e+03 
       2.415771490814e-02       8.556436335288e+03 
       2.429169842634e-02       8.533931092701e+03 
       2.442581169436e-02       8.511447125492e+03 
       2.456005748223e-02       8.488636371115e+03 
       2.469443862771e-02       8.465375490112e+03 
       2.482895803816e-02       8.442312722148e+03 
       2.496361869236e-02       8.418706127470e+03 
       2.509842364241e-02       8.395417825285e+03 
       2.523337601576e-02       8.371681897582e+03 
       2.536847901720e-02       8.347849514274e+03 
       2.550373593101e-02       8.323440598521e+03 
       2.563915012315e-02       8.299200117864e+03 
       2.577472504346e-02       8.274939831836e+03 
       2.591046422810e-02       8.250407028370e+03 
       2.604637130186e-02       8.225764883403e+03 
       2.618244998073e-02       8.200902724298e+03 
       2.631870407448e-02       8.175831576696e+03 
       2.645513748930e-02       8.150714873653e+03 
       2.659175423063e-02       8.125384379855e+03 
       2.672855840597e-02       8.100042157999e+03 
       2.686555422789e-02       8.074468807721e+03 
       2.700274601712e-02       8.048794399837e+03 
       2.714013820571e-02       8.023139637233e+03 
       2.727773534036e-02       7.997213687905e+03 
       2.741554208583e-02       7.971183602154e+03 
       2.755356322851e-02       7.945060652405e+03 
       2.769180368012e-02       7.918831735239e+03 
       2.783026848150e-02       7.892581846752e+03 
       2.796896280660e-02       7.866130260989e+03 
       2.810789196661e-02       7.839700621046e+03 
       2.824706141422e-02       7.813071936939e+03 
       2.838647674807e-02       7.786421338121e+03 
       2.852614371737e-02       7.759702372506e+03 
       2.866606822669e-02       7.732850098719e+03 
       2.880625634095e-02       7.705903209080e+03 
       2.894671429061e-02       7.678927293528e+03 
       2.908744847702e-02       7.651907578435e+03 
       2.922846547810e-02       7.624770356647e+03 
       2.936977205412e-02       7.597631594254e+03 
       2.951137515380e-02       7.570437931931e+03 
       2.965328192063e-02       7.543100814013e+03 
       2.979549969948e-02       7.515717643330e+03 
       2.993803604344e-02       7.488314096788e+03 
       3.008089872102e-02       7.460883629646e+03 
       3.022409572357e-02       7.433371726236e+03 
       3.036763527312e-02       7.405837579656e+03 
       3.051152583049e-02       7.378240484696e+03 
       3.065577610375e-02       7.350563485811e+03 
       3.080039505712e-02       7.323041665652e+03 
       3.094539192023e-02       7.295260337436e+03 
       3.109077619775e-02       7.267482207859e+03 
       3.123655767956e-02       7.239821985985e+03 
       3.138274645131e-02       7.212042523388e+03 
       3.152935290550e-02       7.184180020347e+03 
       3.167638775304e-02       7.156327790981e+03 
       3.182386203543e-02       7.128472655322e+03 
       3.197178713746e-02       7.100635641121e+03 
       3.212017480052e-02       7.072722381414e+03 
       3.226903713662e-02       7.044822224279e+03 
       3.241838664302e-02       7.016912282625e+03 
       3.256823621760e-02       6.988965208394e+03 
       3.271859917508e-02       6.960988661166e+03 
       3.286948926396e-02       6.933095874088e+03 
       3.302092068436e-02       6.905124586985e+03 
       3.317290810680e-02       6.877143443501e+03 
       3.332546669192e-02       6.849204673001e+03 
       3.347861211130e-02       6.821222929642e+03 
       3.363236056932e-02       6.793198449688e+03 
       3.378672882624e-02       6.765202515804e+03 
       3.394173422251e-02       6.737233961354e+03 
       3.409739470444e-02       6.709352720243e+03 
       3.425372885125e-02       6.681418771159e+03 
       3.441075590374e-02       6.653469253480e+03 
       3.456849579444e-02       6.625437056152e+03 
       3.472696917963e-02       6.597523215997e+03 
       3.488619747313e-02       6.569572218947e+03 
       3.504620288212e-02       6.541624006141e+03 
       3.520700844510e-02       6.513747316128e+03 
       3.536863807205e-02       6.485831438810e+03 
       3.553111658714e-02       6.457948246029e+03 
       3.569446977401e-02       6.430057105675e+03 
       3.585872442391e-02       6.402169018570e+03 
       3.602390838679e-02       6.374299667079e+03 
       3.619005062579e-02       6.346467396660e+03 
       3.635718127512e-02       6.318607956829e+03 
       3.652533170183e-02       6.290810704478e+03 
       3.669453457162e-02       6.262977071242e+03 
       3.686482391913e-02       6.235156594723e+03 
       3.703623522290e-02       6.207360919470e+03 
       3.720880548566e-02       6.179599779041e+03 
       3.738257332010e-02       6.151847888225e+03 
       3.755757904081e-02       6.124083024765e+03 
       3.773386476277e-02       6.096341872718e+03 
       3.791147450703e-02       6.068609659037e+03 
       3.809045431419e-02       6.040915418189e+03 
       3.827085236646e-02       6.013164960128e+03 
       3.845271911888e-02       5.985488390921e+03 
       3.863610744073e-02       5.957764951886e+03 
       3.882107276806e-02       5.930067188579e+03 
       3.900767326825e-02       5.902388551258e+03 
       3.919597001792e-02       5.874684538722e+03 
       3.938602719540e-02       5.847031749783e+03 
       3.957791228927e-02       5.819331477856e+03 
       3.977169632444e-02       5.791676646004e+03 
       3.996745410783e-02       5.764016655575e+03 
       4.016526449536e-02       5.736288775468e+03 
       4.036521068280e-02       5.708599841557e+03 
       4.056738052282e-02       5.680905696150e+03 
       4.077186687124e-02       5.653163297699e+03 
       4.097876796565e-02       5.625529104388e+03 
       4.118818784013e-02       5.597741637586e+03 
       4.140023678011e-02       5.569967045589e+03 
       4.161503182222e-02       5.542261092075e+03 
       4.183269730436e-02       5.514391437415e+03 
       4.205336547217e-02       5.486527184239e+03 
       4.227717714892e-02       5.458678494075e+03 
       4.250428247673e-02       5.430780963820e+03 
       4.273484173832e-02       5.402869983169e+03 
       4.296902626999e-02       5.374828017655e+03 
       4.320701947786e-02       5.346760028617e+03 
       4.344901797163e-02       5.318669812843e+03 
       4.369523283220e-02       5.290530703790e+03 
       4.394589103227e-02       5.262295559969e+03 
       4.420123703215e-02       5.233993307234e+03 
       4.446153457698e-02       5.205589086616e+03 
       4.472706872580e-02       5.177125763127e+03 
       4.499814814890e-02       5.148551631297e+03 
       4.527510773586e-02       5.119857830678e+03 
       4.555831156520e-02       5.091100216415e+03 
       4.584815629584e-02       5.062149512695e+03 
       4.614507505275e-02       5.033066937332e+03 
       4.644954189316e-02       5.003884541717e+03 
       4.676207695792e-02       4.974483231164e+03 
       4.708325243403e-02       4.944976977738e+03 
       4.741369948193e-02       4.915164364933e+03 
       4.775411631430e-02       4.885220493761e+03 
       4.810527765581e-02       4.854992019997e+03 
       4.846804586568e-02       4.824553756430e+03 
       4.884338407152e-02       4.793795071198e+03 
       4.923237174707e-02       4.762776565497e+03 
       4.963622327289e-02       4.731423857175e+03 
       5.005631015465e-02       4.699644176802e+03 
       5.049418774625e-02       4.667536771861e+03 
       5.095162754513e-02       4.634884868291e+03 
       5.143065640735e-02       4.601844660729e+03 
       5.193360438565e-02       4.568057946914e+03 
       5.246316334099e-02       4.533742785706e+03 
       5.302245903292e-02       4.498652945796e+03 
       5.361514006411e-02       4.462806255783e+03 
       5.424548782559e-02       4.425831269778e+03 
       5.491855239680e-02       4.387857801092e+03 
       5.564032002165e-02       4.348775783020e+03 
       5.641791790478e-02       4.307911463132e+03 
       5.725986080017e-02       4.265230192176e+03 
       5.817633950117e-02       4.220292917253e+03 
       5.917954068211e-02       4.172545245415e+03 
       6.028396492010e-02       4.121266873730e+03 
       6.150666614073e-02       4.065540428905e+03 
       6.286725974192e-02       4.004113376557e+03 
       6.438743205772e-02       3.935333087841e+03 
       6.608955463713e-02       3.857120928316e+03 
       6.799396971820e-02       3.766943297088e+03 
       7.011480865685e-02       3.662117187868e+03 
       7.245510264697e-02       3.540377421449e+03 
       7.500324823339e-02       3.400683339023e+03 
       7.773336732311e-02       3.244059060198e+03 
       8.061033981113e-02       3.074104056315e+03 
       8.359718748717e-02       2.896493884559e+03 
       8.666119657905e-02       2.718097358919e+03 
       8.977683055359e-02       2.545743221973e+03 
       9.292583510738e-02       2.385325484929e+03 
       9.609591703738e-02       2.241017521989e+03 
       9.927911464464e-02       2.115259601088e+03 
       1.024703983046e-01       2.008715723866e+03 
       1.056666397275e-01       1.920558296668e+03 
       1.088659117561e-01       1.848698574074e+03 
       1.120670340580e-01       1.790152458708e+03 
       1.152692861908e-01       1.741518600409e+03 
       1.184722292609e-01       1.699131127020e+03 
       1.216755961381e-01       1.659475481301e+03 
       1.248792242629e-01       1.619514570676e+03 
       1.280830146646e-01       1.576823170293e+03 
       1.312869070178e-01       1.530062549323e+03 
       1.344908644801e-01       1.478516007792e+03 
       1.376948644807e-01       1.422566582222e+03 
       1.408988931271e-01       1.363268321649e+03 
       1.441029418088e-01       1.302190972392e+03 
       1.473070051348e-01       1.241150356008e+03 
       1.505110796807e-01       1.181969341070e+03 
       1.537151632279e-01       1.126235071439e+03 
       1.569192542997e-01       1.075255125524e+03 
       1.601233518803e-01       1.029837720246e+03 
       1.633274552421e-01       9.902856309533e+02 
       1.665315638407e-01       9.565298244165e+02 
       1.697356772507e-01       9.280608247886e+02 
       1.729397951254e-01       9.040912227409e+02 
       1.761439171721e-01       8.836116152799e+02 
       1.793480431369e-01       8.655759754314e+02 
       1.825521727945e-01       8.488595703530e+02 
       1.857563059415e-01       8.326197484727e+02 
       1.889604423926e-01       8.157870101335e+02 
       1.921645819772e-01       7.977997177549e+02 
       1.953687245376e-01       7.782204978900e+02 
       1.985728699271e-01       7.570169628419e+02 
       2.017770180090e-01       7.343995015523e+02 
       2.049811686555e-01       7.108116435822e+02 
       2.081853217471e-01       6.868108712302e+02 
       2.113894771714e-01       6.629881925891e+02 
       2.145936348232e-01       6.398838127145e+02 
       2.177977946033e-01       6.180140310642e+02 
       2.210019564184e-01       5.976608705247e+02 
       2.242061201806e-01       5.790979331316e+02 
       2.274102858071e-01       5.623880628465e+02 
       2.306144532196e-01       5.475333166646e+02 
       2.338186223441e-01       5.343986313914e+02 
       2.370227931108e-01       5.227709486681e+02 
       2.402269654535e-01       5.123274374690e+02 
       2.434311393096e-01       5.027512123359e+02 
       2.466353146197e-01       4.936794154126e+02 
       2.498394913275e-01       4.847708170073e+02 
       2.530436693796e-01       4.757638766594e+02 
       2.562478487252e-01       4.664745229087e+02 
       2.594520293162e-01       4.568077197277e+02 
       2.626562111066e-01       4.467313953271e+02 
       2.658603940528e-01       4.362856735938e+02 
       2.690645781134e-01       4.255699916959e+02 
       2.722687632487e-01       4.147135297972e+02 
       2.754729494210e-01       4.039054040100e+02 
       2.786771365944e-01       3.933008214248e+02 
       2.818813247345e-01       3.831000576293e+02 
       2.850855138085e-01       3.734290176419e+02 
       2.882897037851e-01       3.643786661149e+02 
       2.914938946344e-01       3.560009507786e+02 
       2.946980863278e-01       3.482827448106e+02 
       2.979022788379e-01       3.411761124955e+02 
       3.011064721384e-01       3.346151401598e+02 
       3.043106662044e-01       3.284854278117e+02 
       3.075148610117e-01       3.226902491336e+02 
       3.107190565372e-01       3.171542306551e+02 
       3.139232527590e-01       3.117471288926e+02 
       3.171274496557e-01       3.063989856970e+02 
       3.203316472070e-01       3.010317951122e+02 
       3.235358453934e-01       2.955988545967e+02 
       3.267400441960e-01       2.900827207012e+02 
       3.299442435970e-01       2.844897063451e+02 
       3.331484435788e-01       2.788506327974e+02 
       3.363526441249e-01       2.732090896671e+02 
       3.395568452191e-01       2.676239468041e+02 
       3.427610468461e-01       2.621341164986e+02 
       3.459652489909e-01       2.567876821627e+02 
       3.491694516393e-01       2.516287789867e+02 
       3.523736547774e-01       2.466901328830e+02 
       3.555778583919e-01       2.419697902098e+02 
       3.587820624701e-01       2.375086752983e+02 
       3.619862669996e-01       2.332761527037e+02 
       3.651904719683e-01       2.292649170846e+02 
       3.683946773649e-01       2.254461571764e+02 
       3.715988831782e-01       2.217765734274e+02 
       3.748030893974e-01       2.182399949532e+02 
       3.780072960123e-01       2.147786904430e+02 
       3.812115030127e-01       2.113756649871e+02 
       3.844157103890e-01       2.080112443124e+02 
       3.876199181319e-01       2.046614447821e+02 
       3.908241262323e-01       2.013426966238e+02 
       3.940283346814e-01       1.980331186961e+02 
       3.972325434707e-01       1.947416643755e+02 
       4.004367525921e-01       1.914684735047e+02 
       4.036409620376e-01       1.882401834557e+02 
       4.068451717996e-01       1.850574467733e+02 
       4.100493818705e-01       1.819390765658e+02 
       4.132535922432e-01       1.789000169474e+02 
       4.164578029107e-01       1.759509798444e+02 
       4.196620138662e-01       1.730884953799e+02 
       4.228662251031e-01       1.703258268841e+02 
       4.260704366151e-01       1.676545057108e+02 
       4.292746483960e-01       1.650703673029e+02 
       4.324788604397e-01       1.625684944361e+02 
       4.356830727404e-01       1.601488741383e+02 
       4.388872852926e-01       1.577942183446e+02 
       4.420914980907e-01       1.554995457219e+02 
       4.452957111294e-01       1.532590497626e+02 
       4.484999244035e-01       1.510587877268e+02 
       4.517041379080e-01       1.488896797227e+02 
       4.549083516380e-01       1.467485434719e+02 
       4.581125655887e-01       1.446315207099e+02 
       4.613167797556e-01       1.425382827528e+02 
       4.645209941341e-01       1.404714510162e+02 
       4.677252087199e-01       1.384322081492e+02 
       4.709294235087e-01       1.364229599705e+02 
       4.741336384965e-01       1.344457590953e+02 
       4.773378536792e-01       1.325041231561e+02 
       4.805420690528e-01       1.305994391589e+02 
       4.837462846136e-01       1.287365439873e+02 
       4.869505003578e-01       1.269193250276e+02 
       4.901547162820e-01       1.251496307533e+02 
       4.933589323824e-01       1.234275430972e+02 
       4.965631486558e-01       1.217507926745e+02 
       4.997673650987e-01       1.201154714036e+02 
       5.029715817080e-01       1.185173078140e+02 
       5.061757984804e-01       1.169523172408e+02 
       5.093800154129e-01       1.154175538528e+02 
       5.125842325025e-01       1.139107900850e+02 
       5.157884497462e-01       1.124299795063e+02 
       5.189926671411e-01       1.109729747211e+02 
       5.221968846845e-01       1.095372821912e+02 
       5.254011023736e-01       1.081202667901e+02 
       5.286053202059e-01       1.067225389700e+02 
       5.318095381786e-01       1.053435249940e+02 
       5.350137562893e-01       1.039852532975e+02 
       5.382179745354e-01       1.026483115162e+02 
       5.414221929147e-01       1.013352044427e+02 
       5.446264114246e-01       1.000468147498e+02 
       5.478306300630e-01       9.878265316605e+01 
       5.510348488275e-01       9.754279416248e+01 
       5.542390677160e-01       9.632614995455e+01 
       5.574432867264e-01       9.513233239046e+01 
       5.606475058565e-01       9.396125386520e+01 
       5.638517251042e-01       9.281369739603e+01 
       5.909046412659e-01       8.389864982104e+01 
       6.214661708464e-01       7.514623450869e+01 
       6.567815084340e-01       6.657843073220e+01 
       6.988741293949e-01       5.803461657761e+01 
       7.512799214077e-01       4.940829474895e+01 
       8.207295051393e-01       4.050879064470e+01 
       9.211152758881e-01       3.117194831909e+01 
       1.080555161427e+00       2.158864027509e+01 
       1.332937433907e+00       1.321093352612e+01 
       1.675793103845e+00       7.659775409008e+00 
       2.109659023811e+00       4.387130134957e+00 
       2.655903222909e+00       2.492051136366e+00 
       3.343584058525e+00       1.405101424660e+00 
       4.209322937747e+00       7.869038040537e-01 
       5.299223612778e+00       4.379932351491e-01 
