# Matter power spectrum P(k) at redshift z=0
# for k=1.05238e-05 to 5.17653 h/Mpc,
# number of wavenumbers equal to 554
#    1:k (h/Mpc)              2:P (Mpc/h)^3        
       1.052381990776e-05       4.823181227567e+01 
       2.358712964839e-05       1.048870627128e+02 
       3.669748290064e-05       1.605075570191e+02 
       4.989116184147e-05       2.157159155425e+02 
       6.320506387460e-05       2.708648611373e+02 
       7.667703997849e-05       3.262181288879e+02 
       9.034624414234e-05       3.820009973442e+02 
       1.042534986606e-04       4.384209538654e+02 
       1.184416800918e-04       4.956782931103e+02 
       1.329561307217e-04       5.539725329985e+02 
       1.478451003722e-04       6.135068814258e+02 
       1.631602233175e-04       6.744917160083e+02 
       1.789570348479e-04       7.371475673261e+02 
       1.952955315740e-04       8.017078428351e+02 
       2.122407787675e-04       8.684214520349e+02 
       2.298635667449e-04       9.375553901469e+02 
       2.482411163021e-04       1.009397342850e+03 
       2.674578302515e-04       1.084258295744e+03 
       2.876060838684e-04       1.162475145468e+03 
       3.087870411288e-04       1.244413253430e+03 
       3.311114755838e-04       1.330468847531e+03 
       3.547005640892e-04       1.421071144550e+03 
       3.796866079997e-04       1.516684005879e+03 
       4.062136196069e-04       1.617806866272e+03 
       4.344376917005e-04       1.724974631329e+03 
       4.645270460106e-04       1.838756133456e+03 
       4.966616338462e-04       1.959750688381e+03 
       5.310321429153e-04       2.088582236842e+03 
       5.678382534483e-04       2.225890551146e+03 
       6.072859916849e-04       2.372319036718e+03 
       6.495840583952e-04       2.528498815250e+03 
       6.949390731493e-04       2.695029093396e+03 
       7.435497773595e-04       2.872454154490e+03 
       7.956003794287e-04       3.061237970935e+03 
       8.512533909941e-04       3.261737921202e+03 
       9.106424676804e-04       3.474179725573e+03 
       9.738658923984e-04       3.698636119819e+03 
       1.040981381908e-03       3.935011674805e+03 
       1.112002826430e-03       4.183036048396e+03 
       1.186899381453e-03       4.442266819208e+03 
       1.265597048517e-03       4.712096291746e+03 
       1.347982565593e-03       4.991747669092e+03 
       1.433909147768e-03       5.280408601452e+03 
       1.523203434306e-03       5.577148827358e+03 
       1.615672937511e-03       5.880990659279e+03 
       1.711113345655e-03       6.190938584742e+03 
       1.809315172446e-03       6.506005318947e+03 
       1.910069423885e-03       6.825232857498e+03 
       2.013172128639e-03       7.147708682202e+03 
       2.118427722416e-03       7.472577222270e+03 
       2.225651378040e-03       7.799046981242e+03 
       2.334670431129e-03       8.126393723271e+03 
       2.445325074101e-03       8.453961164344e+03 
       2.557468489108e-03       8.781159300321e+03 
       2.670966573313e-03       9.107460001931e+03 
       2.785697385598e-03       9.432396058349e+03 
       2.901550417867e-03       9.755552927604e+03 
       3.018425769749e-03       1.007656697089e+04 
       3.136233284534e-03       1.039511845535e+04 
       3.254891686948e-03       1.071092998840e+04 
       3.374327749958e-03       1.102375824526e+04 
       3.494475507608e-03       1.133339402091e+04 
       3.615275523475e-03       1.163965581116e+04 
       3.736674219052e-03       1.194238932556e+04 
       3.858623262779e-03       1.224146074134e+04 
       3.981079018069e-03       1.253675911437e+04 
       4.104002047228e-03       1.282818904171e+04 
       4.227356667314e-03       1.311567403029e+04 
       4.351110553654e-03       1.339914865225e+04 
       4.475234386593e-03       1.367856331346e+04 
       4.599701537209e-03       1.395387734031e+04 
       4.724487787920e-03       1.422505740269e+04 
       4.849571084209e-03       1.449203533969e+04 
       4.974931314027e-03       1.475490640293e+04 
       5.100550111726e-03       1.501357451806e+04 
       5.226410683736e-03       1.526805595686e+04 
       5.352497653465e-03       1.551837153945e+04 
       5.478796923192e-03       1.576457634529e+04 
       5.605295550993e-03       1.600659744731e+04 
       5.731981640938e-03       1.624374983068e+04 
       5.858844245035e-03       1.647749582451e+04 
       5.985873275557e-03       1.670713807294e+04 
       6.113059426563e-03       1.693265687096e+04 
       6.240394103562e-03       1.715417486824e+04 
       6.367869360400e-03       1.737183208265e+04 
       6.495477842550e-03       1.758566082168e+04 
       6.623212736100e-03       1.779506133752e+04 
       6.751067721800e-03       1.800056303729e+04 
       6.879036933619e-03       1.820210903866e+04 
       7.007114921318e-03       1.839989764857e+04 
       7.135296616614e-03       1.859380811007e+04 
       7.263577302542e-03       1.878398269016e+04 
       7.391952585694e-03       1.897030545797e+04 
       7.520418371011e-03       1.915274843600e+04 
       7.648970838899e-03       1.933171414048e+04 
       7.777606424392e-03       1.950745519253e+04 
       7.906321798191e-03       1.967906876896e+04 
       8.035113849371e-03       1.984706969834e+04 
       8.163979669595e-03       2.001150811291e+04 
       8.292916538695e-03       2.017247206623e+04 
       8.421921911477e-03       2.032993328028e+04 
       8.550993405647e-03       2.048394259571e+04 
       8.680128790734e-03       2.063453536175e+04 
       8.809325977940e-03       2.078176103667e+04 
       8.938583010806e-03       2.092562758582e+04 
       9.067898056645e-03       2.106617079349e+04 
       9.197269398648e-03       2.120346458100e+04 
       9.326695428626e-03       2.133753137085e+04 
       9.456174640312e-03       2.146838826156e+04 
       9.585705623192e-03       2.159609396017e+04 
       9.715287056805e-03       2.172015310825e+04 
       9.844917705478e-03       2.184218140384e+04 
       9.974596413459e-03       2.196053635121e+04 
       1.010432210042e-02       2.207598342973e+04 
       1.023409375729e-02       2.218829841985e+04 
       1.036391044240e-02       2.229771417312e+04 
       1.049377127788e-02       2.240426455399e+04 
       1.062367544638e-02       2.250785109786e+04 
       1.075362218799e-02       2.260851683506e+04 
       1.088361079736e-02       2.270647176398e+04 
       1.101364062107e-02       2.280150189237e+04 
       1.114371105513e-02       2.289380886822e+04 
       1.127382154277e-02       2.298340563784e+04 
       1.140397157224e-02       2.307026999349e+04 
       1.153416067484e-02       2.315448477926e+04 
       1.166438842315e-02       2.323602471122e+04 
       1.179465442922e-02       2.331495780275e+04 
       1.192495834306e-02       2.339130440708e+04 
       1.205529985113e-02       2.346510840870e+04 
       1.218567867496e-02       2.353644074266e+04 
       1.231609456989e-02       2.360510222102e+04 
       1.244654732387e-02       2.367137728604e+04 
       1.257703675637e-02       2.373530823622e+04 
       1.270756271733e-02       2.379670024012e+04 
       1.283812508624e-02       2.385576177750e+04 
       1.296872377125e-02       2.391248266494e+04 
       1.309935870832e-02       2.396687032579e+04 
       1.323002986054e-02       2.401896140492e+04 
       1.336073721733e-02       2.406885241298e+04 
       1.349148079390e-02       2.411641070280e+04 
       1.362226063057e-02       2.416176562261e+04 
       1.375307679228e-02       2.420481853208e+04 
       1.388392936806e-02       2.424580685803e+04 
       1.401481847058e-02       2.428464084846e+04 
       1.414574423575e-02       2.432136402150e+04 
       1.427670682230e-02       2.435600446050e+04 
       1.440770641147e-02       2.438857839003e+04 
       1.453874320671e-02       2.441917485543e+04 
       1.466981743336e-02       2.444773484999e+04 
       1.480092933846e-02       2.447427138655e+04 
       1.493207919049e-02       2.449873429417e+04 
       1.506326727922e-02       2.452140041828e+04 
       1.519449391552e-02       2.454211755628e+04 
       1.532575943127e-02       2.456095611348e+04 
       1.545706417922e-02       2.457792941547e+04 
       1.558840853291e-02       2.459302472578e+04 
       1.571979288662e-02       2.460641732782e+04 
       1.585121765536e-02       2.461784855150e+04 
       1.598268327480e-02       2.462764544367e+04 
       1.611419020134e-02       2.463488668165e+04 
       1.624573891208e-02       2.464184862067e+04 
       1.637732990493e-02       2.464643738017e+04 
       1.650896369862e-02       2.464938315395e+04 
       1.664064083282e-02       2.465058848092e+04 
       1.677236186824e-02       2.465015810361e+04 
       1.690412738678e-02       2.464812346736e+04 
       1.703593799161e-02       2.464453133568e+04 
       1.716779430738e-02       2.463934005956e+04 
       1.729969698041e-02       2.463266907226e+04 
       1.743164667883e-02       2.462432765922e+04 
       1.756364409285e-02       2.461456247586e+04 
       1.769568993495e-02       2.460266587292e+04 
       1.782778494014e-02       2.459060201450e+04 
       1.795992986624e-02       2.457652245144e+04 
       1.809212549413e-02       2.456017968096e+04 
       1.822437262806e-02       2.454400740500e+04 
       1.835667209598e-02       2.452564527733e+04 
       1.848902474983e-02       2.450594423318e+04 
       1.862143146592e-02       2.448447784262e+04 
       1.875389314530e-02       2.446212628152e+04 
       1.888641071411e-02       2.443888517903e+04 
       1.901898512400e-02       2.441406219330e+04 
       1.915161735252e-02       2.438787298965e+04 
       1.928430840359e-02       2.436036812006e+04 
       1.941705930793e-02       2.433118815065e+04 
       1.954987112351e-02       2.430075567592e+04 
       1.968274493606e-02       2.427079677874e+04 
       1.981568185958e-02       2.423863830774e+04 
       1.994868303684e-02       2.420429377972e+04 
       2.008174963992e-02       2.417000960920e+04 
       2.021488287080e-02       2.413459894741e+04 
       2.034808396192e-02       2.409800797154e+04 
       2.048135417677e-02       2.406090770381e+04 
       2.061469481054e-02       2.402153341609e+04 
       2.074810719073e-02       2.398229792683e+04 
       2.088159267786e-02       2.394152693589e+04 
       2.101515266609e-02       2.389895151381e+04 
       2.114878858397e-02       2.385599263074e+04 
       2.128250189518e-02       2.381234165643e+04 
       2.141629409926e-02       2.376846710981e+04 
       2.155016673238e-02       2.372183794732e+04 
       2.168412136818e-02       2.367573575594e+04 
       2.181815961855e-02       2.362872028000e+04 
       2.195228313454e-02       2.357961080525e+04 
       2.208649360719e-02       2.353038283671e+04 
       2.222079276846e-02       2.348041005242e+04 
       2.235518239220e-02       2.342954427730e+04 
       2.248966429504e-02       2.337787067551e+04 
       2.262424033746e-02       2.332612264109e+04 
       2.275891242479e-02       2.327212579022e+04 
       2.289368250826e-02       2.321890956560e+04 
       2.302855258609e-02       2.316345752037e+04 
       2.316352470468e-02       2.310795599171e+04 
       2.329860095966e-02       2.305168247289e+04 
       2.343378349719e-02       2.299538914500e+04 
       2.356907451516e-02       2.293712875651e+04 
       2.370447626445e-02       2.287935389513e+04 
       2.383999105025e-02       2.282007300596e+04 
       2.397562123346e-02       2.276030740408e+04 
       2.411136923202e-02       2.270018175904e+04 
       2.424723752242e-02       2.263980599002e+04 
       2.438322864115e-02       2.257797913853e+04 
       2.451934518623e-02       2.251611059739e+04 
       2.465558981886e-02       2.245322235446e+04 
       2.479196526498e-02       2.239063271300e+04 
       2.492847431701e-02       2.232698249006e+04 
       2.506511983559e-02       2.226209755037e+04 
       2.520190475138e-02       2.219745196722e+04 
       2.533883206692e-02       2.213232619077e+04 
       2.547590485855e-02       2.206658996061e+04 
       2.561312627841e-02       2.200071482922e+04 
       2.575049955649e-02       2.193341606362e+04 
       2.588802800277e-02       2.186626356851e+04 
       2.602571500936e-02       2.179891739992e+04 
       2.616356405286e-02       2.173075137843e+04 
       2.630157869660e-02       2.166234454497e+04 
       2.643976259317e-02       2.159382686288e+04 
       2.657811948686e-02       2.152443323958e+04 
       2.671665321626e-02       2.145462367953e+04 
       2.685536771702e-02       2.138461425807e+04 
       2.699426702454e-02       2.131416282043e+04 
       2.713335527690e-02       2.124345407175e+04 
       2.727263671785e-02       2.117241817369e+04 
       2.741211569988e-02       2.110147184740e+04 
       2.755179668743e-02       2.102936524514e+04 
       2.769168426020e-02       2.095738770579e+04 
       2.783178311660e-02       2.088526033636e+04 
       2.797209807733e-02       2.081259866174e+04 
       2.811263408902e-02       2.074001717855e+04 
       2.825339622815e-02       2.066661639974e+04 
       2.839438970495e-02       2.059351103954e+04 
       2.853561986760e-02       2.051969479726e+04 
       2.867709220645e-02       2.044596678638e+04 
       2.881881235854e-02       2.037189396804e+04 
       2.896078611218e-02       2.029749719494e+04 
       2.910301941177e-02       2.022303834673e+04 
       2.924551836280e-02       2.014841344889e+04 
       2.938828923702e-02       2.007352883864e+04 
       2.953133847789e-02       1.999847884516e+04 
       2.967467270615e-02       1.992353097375e+04 
       2.981829872569e-02       1.984832485674e+04 
       2.996222352960e-02       1.977235570323e+04 
       3.010645430658e-02       1.969667662816e+04 
       3.025099844746e-02       1.962088442894e+04 
       3.039586355213e-02       1.954494074872e+04 
       3.054105743666e-02       1.946883574219e+04 
       3.068658814082e-02       1.939296539865e+04 
       3.083246393587e-02       1.931680158922e+04 
       3.097869333264e-02       1.923997755711e+04 
       3.112528509008e-02       1.916352349893e+04 
       3.127224822410e-02       1.908693591666e+04 
       3.141959201681e-02       1.901028701803e+04 
       3.156732602622e-02       1.893360371912e+04 
       3.171546009635e-02       1.885682162259e+04 
       3.186400436779e-02       1.878000919313e+04 
       3.201296928879e-02       1.870313252250e+04 
       3.216236562681e-02       1.862613339004e+04 
       3.231220448066e-02       1.854918676259e+04 
       3.246249729322e-02       1.847232807442e+04 
       3.261325586472e-02       1.839504927031e+04 
       3.276449236670e-02       1.831799420347e+04 
       3.291621935667e-02       1.824085600993e+04 
       3.306844979345e-02       1.816384509425e+04 
       3.322119705331e-02       1.808680080707e+04 
       3.337447494688e-02       1.800952795362e+04 
       3.352829773698e-02       1.793248879513e+04 
       3.368268015733e-02       1.785535379795e+04 
       3.383763743224e-02       1.777823018714e+04 
       3.399318529729e-02       1.770103450522e+04 
       3.414934002119e-02       1.762386237568e+04 
       3.430611842877e-02       1.754692842480e+04 
       3.446353792517e-02       1.746988020632e+04 
       3.462161652143e-02       1.739279269649e+04 
       3.478037286144e-02       1.731567911767e+04 
       3.493982625043e-02       1.723866121610e+04 
       3.509999668505e-02       1.716207112068e+04 
       3.526090488520e-02       1.708496460490e+04 
       3.542257232766e-02       1.700816686328e+04 
       3.558502128167e-02       1.693139396613e+04 
       3.574827484675e-02       1.685455412002e+04 
       3.591235699259e-02       1.677787397874e+04 
       3.607729260149e-02       1.670116634214e+04 
       3.624310751338e-02       1.662467539424e+04 
       3.640982857358e-02       1.654800746946e+04 
       3.657748368361e-02       1.647167114072e+04 
       3.674610185525e-02       1.639518872802e+04 
       3.691571326798e-02       1.631870066992e+04 
       3.708634933026e-02       1.624241539943e+04 
       3.725804274484e-02       1.616616572610e+04 
       3.743082757839e-02       1.608994599402e+04 
       3.760473933589e-02       1.601400035547e+04 
       3.777981504011e-02       1.593765983857e+04 
       3.795609331664e-02       1.586169510659e+04 
       3.813361448483e-02       1.578572527941e+04 
       3.831242065538e-02       1.570983001150e+04 
       3.849255583487e-02       1.563399107576e+04 
       3.867406603800e-02       1.555818929678e+04 
       3.885699940826e-02       1.548249768817e+04 
       3.904140634763e-02       1.540685046736e+04 
       3.922733965632e-02       1.533119369336e+04 
       3.941485468331e-02       1.525561338814e+04 
       3.960400948885e-02       1.518003860289e+04 
       3.979486501999e-02       1.510465682720e+04 
       3.998748530034e-02       1.502927564592e+04 
       4.018193763567e-02       1.495366567874e+04 
       4.037829283667e-02       1.487839761660e+04 
       4.057662546081e-02       1.480311260355e+04 
       4.077701407520e-02       1.472776652479e+04 
       4.097954154263e-02       1.465260231176e+04 
       4.118429533336e-02       1.457738818519e+04 
       4.139136786529e-02       1.450184835061e+04 
       4.160085687580e-02       1.442671292901e+04 
       4.181286582878e-02       1.435170699999e+04 
       4.202750436077e-02       1.427625155476e+04 
       4.224488877092e-02       1.420110817242e+04 
       4.246514255980e-02       1.412575108583e+04 
       4.268839702310e-02       1.405034642000e+04 
       4.291479190688e-02       1.397513872120e+04 
       4.314447613208e-02       1.389997288502e+04 
       4.337760859718e-02       1.382432706669e+04 
       4.361435906919e-02       1.374892921518e+04 
       4.385490917465e-02       1.367319966439e+04 
       4.409945350428e-02       1.359755512742e+04 
       4.434820084700e-02       1.352185347804e+04 
       4.460137557152e-02       1.344616094909e+04 
       4.485921917694e-02       1.336999487827e+04 
       4.512199203731e-02       1.329399464119e+04 
       4.538997536925e-02       1.321763349381e+04 
       4.566347345726e-02       1.314116073370e+04 
       4.594281617729e-02       1.306456980171e+04 
       4.622836186682e-02       1.298788735322e+04 
       4.652050059876e-02       1.291049936058e+04 
       4.681965792758e-02       1.283331273887e+04 
       4.712629918973e-02       1.275550764754e+04 
       4.744093445693e-02       1.267757043267e+04 
       4.776412426149e-02       1.259934397145e+04 
       4.809648623815e-02       1.252074815087e+04 
       4.843870285833e-02       1.244167676401e+04 
       4.879153047201e-02       1.236198327906e+04 
       4.915580992170e-02       1.228204171778e+04 
       4.953247905434e-02       1.220142655910e+04 
       4.992258753563e-02       1.212013421858e+04 
       5.032731446926e-02       1.203833434475e+04 
       5.074798944961e-02       1.195571052002e+04 
       5.118611783585e-02       1.187216889947e+04 
       5.164341123889e-02       1.178790601244e+04 
       5.212182447245e-02       1.170239616730e+04 
       5.262360054877e-02       1.161587827674e+04 
       5.315132571642e-02       1.152869774460e+04 
       5.370799705738e-02       1.143936051599e+04 
       5.429710579631e-02       1.134857469228e+04 
       5.492274022347e-02       1.125585827067e+04 
       5.558971295252e-02       1.116076655754e+04 
       5.630371800212e-02       1.106324422902e+04 
       5.707152360288e-02       1.096278210620e+04 
       5.790120603911e-02       1.085844484443e+04 
       5.880242691195e-02       1.074948505189e+04 
       5.978674839796e-02       1.063466829412e+04 
       6.086796371989e-02       1.051289935855e+04 
       6.206238536835e-02       1.038200555787e+04 
       6.338897057339e-02       1.023877401900e+04 
       6.486906197977e-02       1.007927576823e+04 
       6.652538909851e-02       9.899356898644e+03 
       6.837988057848e-02       9.691868679391e+03 
       7.044996833034e-02       9.448992802004e+03 
       7.274371899591e-02       9.164208384998e+03 
       7.525537834462e-02       8.831090839599e+03 
       7.796393758100e-02       8.448976780903e+03 
       8.083650457383e-02       8.023277524961e+03 
       8.383531884847e-02       7.566824329532e+03 
       8.692486054767e-02       7.096442993911e+03 
       9.007615485417e-02       6.632071729835e+03 
       9.326784614181e-02       6.191389913282e+03 
       9.648525514023e-02       5.788427186207e+03 
       9.971874783581e-02       5.432989461397e+03 
       1.029621868710e-01       5.129711717202e+03 
       1.062117350258e-01       4.878500723217e+03 
       1.094650208631e-01       4.675447847334e+03 
       1.127205891596e-01       4.513942979597e+03 
       1.159775507034e-01       4.385260471065e+03 
       1.192353634713e-01       4.279556622935e+03 
       1.224936974918e-01       4.186758048920e+03 
       1.257523519784e-01       4.097563560712e+03 
       1.290112047288e-01       4.004033160508e+03 
       1.322701813070e-01       3.900134298920e+03 
       1.355292363013e-01       3.782620230379e+03 
       1.387883419373e-01       3.650747998368e+03 
       1.420474811616e-01       3.505973343125e+03 
       1.453066434429e-01       3.352430281593e+03 
       1.485658222222e-01       3.194519221121e+03 
       1.518250133641e-01       3.037255324284e+03 
       1.550842142163e-01       2.886016752340e+03 
       1.583434230375e-01       2.745137872562e+03 
       1.616026386492e-01       2.617695723381e+03 
       1.648618602237e-01       2.505840327015e+03 
       1.681210871548e-01       2.410114473192e+03 
       1.713803189780e-01       2.329967542739e+03 
       1.746395553220e-01       2.263907412758e+03 
       1.778987958783e-01       2.209552369771e+03 
       1.811580403825e-01       2.163858587387e+03 
       1.844172886020e-01       2.124285406766e+03 
       1.876765403287e-01       2.087678493797e+03 
       1.909357953735e-01       2.050961342175e+03 
       1.941950535631e-01       2.011831251818e+03 
       1.974543147376e-01       1.968312102644e+03 
       2.007135787487e-01       1.919987813645e+03 
       2.039728454582e-01       1.866609830502e+03 
       2.072321147372e-01       1.809162299257e+03 
       2.104913864650e-01       1.748968295782e+03 
       2.137506605285e-01       1.687582526705e+03 
       2.170099368215e-01       1.626553098532e+03 
       2.202692152443e-01       1.567572510946e+03 
       2.235284957029e-01       1.511838123464e+03 
       2.267877781089e-01       1.460425014210e+03 
       2.300470623789e-01       1.413973707267e+03 
       2.333063484343e-01       1.372797297640e+03 
       2.365656362008e-01       1.336861276451e+03 
       2.398249256081e-01       1.305655453446e+03 
       2.430842165898e-01       1.278552859197e+03 
       2.463435090829e-01       1.254614765916e+03 
       2.496028030280e-01       1.232827662404e+03 
       2.528620983684e-01       1.212117222652e+03 
       2.561213950506e-01       1.191620025745e+03 
       2.593806930237e-01       1.170673593858e+03 
       2.626399922393e-01       1.148678432749e+03 
       2.658992926514e-01       1.125350118158e+03 
       2.691585942164e-01       1.100613901910e+03 
       2.724178968926e-01       1.074562277251e+03 
       2.756772006404e-01       1.047493108651e+03 
       2.789365054219e-01       1.019906220292e+03 
       2.821958112012e-01       9.923640244405e+02 
       2.854551179438e-01       9.653622621353e+02 
       2.887144256170e-01       9.394356556495e+02 
       2.919737341895e-01       9.150009780628e+02 
       2.952330436312e-01       8.922871091568e+02 
       2.984923539136e-01       8.714465258971e+02 
       3.017516650093e-01       8.523951910799e+02 
       3.050109768921e-01       8.350746007622e+02 
       3.082702895368e-01       8.192614151806e+02 
       3.115296029194e-01       8.047318189251e+02 
       3.147889170169e-01       7.911630228986e+02 
       3.180482318072e-01       7.782327902993e+02 
       3.213075472692e-01       7.656127558299e+02 
       3.245668633824e-01       7.530149009702e+02 
       3.278261801273e-01       7.402272540192e+02 
       3.310854974853e-01       7.271596618294e+02 
       3.343448154382e-01       7.137666433532e+02 
       3.376041339688e-01       7.000141867894e+02 
       3.408634530605e-01       6.860440454218e+02 
       3.441227726971e-01       6.719679596289e+02 
       3.473820928634e-01       6.579634140599e+02 
       3.506414135444e-01       6.440881424700e+02 
       3.539007347258e-01       6.305928980184e+02 
       3.571600563940e-01       6.175640641760e+02 
       3.604193785357e-01       6.051325943490e+02 
       3.636787011379e-01       5.933432215299e+02 
       3.669380241886e-01       5.822787164197e+02 
       3.701973476756e-01       5.718836203735e+02 
       3.734566715876e-01       5.621053361051e+02 
       3.767159959135e-01       5.528521137766e+02 
       3.799753206426e-01       5.440333135971e+02 
       3.832346457645e-01       5.355074309475e+02 
       3.864939712694e-01       5.272628101966e+02 
       3.897532971474e-01       5.191142884087e+02 
       3.930126233893e-01       5.110690032995e+02 
       3.962719499862e-01       5.030532632052e+02 
       3.995312769292e-01       4.950120890404e+02 
       4.027906042099e-01       4.869437278315e+02 
       4.060499318202e-01       4.788553752921e+02 
       4.093092597522e-01       4.707933518898e+02 
       4.125685879981e-01       4.627442226843e+02 
       4.158279165507e-01       4.548160882275e+02 
       4.190872454027e-01       4.470443285224e+02 
       4.223465745471e-01       4.394653000316e+02 
       4.256059039773e-01       4.320982736702e+02 
       4.288652336866e-01       4.249603731948e+02 
       4.321245636687e-01       4.180769152161e+02 
       4.353838939176e-01       4.114439418934e+02 
       4.386432244271e-01       4.050740915408e+02 
       4.419025551916e-01       3.989572997797e+02 
       4.451618862054e-01       3.930594601155e+02 
       4.484212174630e-01       3.873606016641e+02 
       4.516805489592e-01       3.818167668850e+02 
       4.549398806888e-01       3.763857287255e+02 
       4.581992126468e-01       3.710620030300e+02 
       4.614585448283e-01       3.658101462535e+02 
       4.647178772287e-01       3.606319696000e+02 
       4.679772098433e-01       3.554714924859e+02 
       4.712365426677e-01       3.503738762144e+02 
       4.744958756975e-01       3.453102720254e+02 
       4.777552089286e-01       3.402871219851e+02 
       4.810145423568e-01       3.352982581102e+02 
       4.842738759781e-01       3.303835054171e+02 
       4.875332097887e-01       3.255601195983e+02 
       4.907925437847e-01       3.208302519997e+02 
       4.940518779625e-01       3.162187868921e+02 
       4.973112123184e-01       3.117255133142e+02 
       5.005705468491e-01       3.073579246149e+02 
       5.038298815511e-01       3.031079253190e+02 
       5.070892164211e-01       2.989804799341e+02 
       5.103485514558e-01       2.949633783536e+02 
       5.136078866521e-01       2.910415019659e+02 
       5.168672220070e-01       2.872220341923e+02 
       5.201265575174e-01       2.834869723342e+02 
       5.233858931804e-01       2.798250263874e+02 
       5.266452289933e-01       2.762233819107e+02 
       5.299045649531e-01       2.726709480335e+02 
       5.331639010573e-01       2.691600423580e+02 
       5.364232373032e-01       2.656900923295e+02 
       5.396825736881e-01       2.622601835652e+02 
       5.429419102097e-01       2.588747386381e+02 
       5.462012468654e-01       2.555377420223e+02 
       5.494605836528e-01       2.522516746094e+02 
       5.527199205696e-01       2.490173523482e+02 
       5.559792576136e-01       2.458422419510e+02 
       5.592385947824e-01       2.427153295054e+02 
       5.624979320740e-01       2.396415847732e+02 
       5.657572694862e-01       2.366350296192e+02 
       5.690166070169e-01       2.336923550949e+02 
       5.960021596744e-01       2.114721470248e+02 
       6.263861083113e-01       1.897182303532e+02 
       6.613389961239e-01       1.683911523216e+02 
       7.027416068149e-01       1.472248061964e+02 
       7.538354223423e-01       1.259257745575e+02 
       8.206949106542e-01       1.040337333163e+02 
       9.157130417126e-01       8.112699959339e+01 
       1.064515886809e+00       5.738813914862e+01 
       1.303547949815e+00       3.575343122338e+01 
       1.637037069051e+00       2.080415687085e+01 
       2.060815948595e+00       1.192719549629e+01 
       2.594413147937e+00       6.780169262991e+00 
       3.266172640349e+00       3.825893172178e+00 
       4.111867736242e+00       2.144040833779e+00 
       5.176534783092e+00       1.194117110087e+00 
